11111111111111111111111111111111
10000000000000000000000000000001
10101111101111111111111110111101
10101111101111000000011110111101
10101111101111011111011110111101
10100000001111011111011110000001
10111110111111011111011111111101
10000000111111111111111111111101
10111110001111111111110001111101
10000110101111111111110101100001
11110110101111111111110101101111
00010000100001111110000100001000
00010111111101111110111111101000
11110000100001111110000100001111
00000110101111111111111111111111
11111110100001111111111111111111
00000110111111111111111111111111
11110000111111111111111111111111
11111111111111111111111111111111
11111111111111111111111111111111
11111111111111111111111111111111
11111111111111111111111111111111
11111111111111111111111111111111
11111111111111111111111111111111
11111111111111111111111111111111
11111111111111111111111111111111
11111111111111111111111111111111
11111111111111111111111111111111
11111111111111111111111111111111
11111111111111111111111111111111
11111111111111111111111111111111
11111111111111111111111111111111