00000000000000000000000000000000
00000000000000000000000000000000
01000001111001111111110011110010
01000000000001000000010000000010
01000000000001000100010000000010
01000000000001000100010000000010
01000000000001000100010000000010
01000000010001000100010010000010
01111110010001000100010010111110
00000000010000000100000010000000
00000111111111000100111111111000
00000000010000000000000010000000
00000000010000000000000010010000
00000000010000000000000010011110
00000000000000000000000000010000
00000000000000000000000000000000
00000100010000000000000000100000
01111100001000000000000000100000
00000100010000000000000000100000
00000000010000000000000000100000
00000000010000000000000000100000
00000000011111110000111111100000
00000000000000000100000000000000
00000000000000000100000000000000
00000100000000000100000000001000
00000100000010000100001000001000
00000111000010000000001000111000
00000000000011111111111000000000
00000010000000000000000000010000
00011111110000000000000011111110
00000000000000000000000000000000
11111111111111111111111111111111
