11111111111111111111111111111111
10000000000000000000000000000001
10110111100111111111100111101101
10110111100110000001100111101101
10110011100110011001100111001101
10110000000110011001100000001101
10111100110110011001101100111101
10000000110000011000001100000001
11110000110000011000001100001111
00010011111100011000111111001000
01110000110000000000001100001110
00000110110000000000001101100000
00000110110011111111001101100000
11111110000011111111000001111111
00000110110011111111001101100000
00000110110000000000001101100000
01110000110000000000001100001110
00010011111100011000111111001000
11110000110000011000001100001111
10000000110000011000001100000001
10111100110110011001101100111101
10110000000110011001100000001101
10110011100110011001100111001101
10110111100110000001100111101101
10110111100111111111100111101101
10000000000000000000000000000001
11111111111111111111111111111111
11111111111111111111111111111111
11111111111111111111111111111111
11111111111111111111111111111111
11111111111111111111111111111111
11111111111111111111111111111111